Mutual information I(Q₁ : R) results
     N     pair   |Q₁|      x = ℓ/N            I(Q₁:R)
----------------------------------------------------------------------
    12      0-1      1     0.083333   5.6058371606e-01
    12      0-1      2     0.166667   6.9893564227e-01
    12      0-1      3     0.250000   7.9351100617e-01
    12      0-1      4     0.333333   8.6968626107e-01
    12      0-1      5     0.416667   9.3680049955e-01
    12      0-1      6     0.500000   1.0000000000e+00
    12      0-2      1     0.083333   3.3238219093e-02
    12      0-2      2     0.166667   1.3005937256e-01
    12      0-2      3     0.250000   2.8697673584e-01
    12      0-2      4     0.333333   4.9406285000e-01
    12      0-2      5     0.416667   7.3749838690e-01
    12      0-2      6     0.500000   1.0000000000e+00
    12      1-2      1     0.083333   1.4959993482e-01
    12      1-2      2     0.166667   2.4824994210e-01
    12      1-2      3     0.250000   3.8982185011e-01
    12      1-2      4     0.333333   5.6963765814e-01
    12      1-2      5     0.416667   7.7747535039e-01
    12      1-2      6     0.500000   1.0000000000e+00
    14      0-1      1     0.071429   5.3543551174e-01
    14      0-1      2     0.142857   6.6701558843e-01
    14      0-1      3     0.214286   7.5654310010e-01
    14      0-1      4     0.285714   8.2792260974e-01
    14      0-1      5     0.357143   8.8963327968e-01
    14      0-1      6     0.428571   9.4601985629e-01
    14      0-2      1     0.071429   2.4506940157e-02
    14      0-2      2     0.142857   9.6058074895e-02
    14      0-2      3     0.214286   2.1313772589e-01
    14      0-2      4     0.285714   3.7049259633e-01
    14      0-2      5     0.357143   5.6076744975e-01
    14      0-2      6     0.428571   7.7435106300e-01
    14      1-2      1     0.071429   1.3665579006e-01
    14      1-2      2     0.142857   2.1395613014e-01
    14      1-2      3     0.214286   3.2213359892e-01
    14      1-2      4     0.285714   4.6095666621e-01
    14      1-2      5     0.357143   6.2540707413e-01
    14      1-2      6     0.428571   8.0800992177e-01
